./stitching_detailed mcam_1_scale_2.jpg mcam_2_scale_2.jpg mcam_3_scale_2.jpg mcam_4_scale_2.jpg mcam_5_scale_2.jpg mcam_6_scale_2.jpg mcam_7_scale_2.jpg mcam_8_scale_2.jpg mcam_9_scale_2.jpg mcam_10_scale_2.jpg  mcam_11_scale_2.jpg mcam_12_scale_2.jpg mcam_13_scale_2.jpg mcam_14_scale_2.jpg mcam_15_scale_2.jpg mcam_16_scale_2.jpg mcam_17_scale_2.jpg mcam_18_scale_2.jpg --features orb --ba reproj
Finding features...
Features in image #1: 1460
Features in image #2: 1466
Features in image #3: 1369
Features in image #4: 1463
Features in image #5: 1466
Features in image #6: 1426
Features in image #7: 1527
Features in image #8: 1530
Features in image #9: 1512
Features in image #10: 1511
Features in image #11: 1524
Features in image #12: 1493
Features in image #13: 1528
Features in image #14: 1514
Features in image #15: 1530
Features in image #16: 1461
Features in image #17: 1506
Features in image #18: 1464
Finding features, time: 3.24846 sec
Pairwise matchingPairwise matching, time: 2.65266 sec
Initial camera intrinsics #1:
K:
[495.1151549886809, 0, 447.5;
 0, 495.1151549886809, 335;
 0, 0, 1]
R:
[1.0110122, -0.060835991, 3.8218164;
 -0.042454574, 1.1369236, 1.1906581;
 -0.059568886, -0.087711304, 0.68355209]
Initial camera intrinsics #2:
K:
[495.1151549886809, 0, 447.5;
 0, 495.1151549886809, 335;
 0, 0, 1]
R:
[1.0531019, -0.061570499, 2.334281;
 -0.022886526, 1.1202308, 1.2131339;
 -0.046906885, -0.090090841, 0.75062674]
Initial camera intrinsics #3:
K:
[495.1151549886809, 0, 447.5;
 0, 495.1151549886809, 335;
 0, 0, 1]
R:
[1.0604897, -0.055518787, 0.78979713;
 -0.0087722745, 1.114383, 1.2758793;
 -0.04135491, -0.089753494, 0.80673212]
Initial camera intrinsics #4:
K:
[495.1151549886809, 0, 447.5;
 0, 495.1151549886809, 335;
 0, 0, 1]
R:
[1.0174537, -0.04778409, -0.65747011;
 0.048580535, 1.0804462, 1.1810341;
 0.0056219432, -0.07452558, 0.80050087]
Initial camera intrinsics #5:
K:
[495.1151549886809, 0, 447.5;
 0, 495.1151549886809, 335;
 0, 0, 1]
R:
[0.99513119, -0.039413266, -2.0383277;
 0.055391289, 1.0712854, 1.1114098;
 0.014912764, -0.074432082, 0.77930987]
Initial camera intrinsics #6:
K:
[495.1151549886809, 0, 447.5;
 0, 495.1151549886809, 335;
 0, 0, 1]
R:
[0.83856529, -0.38992637, -2.7890296;
 0.071394473, 1.0104908, 1.0086957;
 0.039743647, 0.13635179, 0.9422338]
Initial camera intrinsics #7:
K:
[495.1151549886809, 0, 447.5;
 0, 495.1151549886809, 335;
 0, 0, 1]
R:
[1.0300068, -0.32569814, 4.2025762;
 0.037167218, 1.1169022, 0.002432039;
 -0.070708618, -0.13914494, 0.82940745]
Initial camera intrinsics #8:
K:
[495.1151549886809, 0, 447.5;
 0, 495.1151549886809, 335;
 0, 0, 1]
R:
[0.92648602, -0.30390164, 2.8599865;
 0.01534542, 1.147091, -0.0014175312;
 -0.10158257, -0.1373769, 0.97388846]
Initial camera intrinsics #9:
K:
[495.1151549886809, 0, 447.5;
 0, 495.1151549886809, 335;
 0, 0, 1]
R:
[1.0096781, -0.00017019713, 1.3981998;
 -0.0099748578, 1.0114179, 0.0039409618;
 -0.018002858, -0.0052798972, 1]
Initial camera intrinsics #10:
K:
[495.1151549886809, 0, 447.5;
 0, 495.1151549886809, 335;
 0, 0, 1]
R:
[1, 0, 0;
 0, 1, 0;
 0, 0, 1]
Initial camera intrinsics #11:
K:
[495.1151549886809, 0, 447.5;
 0, 495.1151549886809, 335;
 0, 0, 1]
R:
[0.98271358, 0.017581152, -1.467409;
 -0.012799717, 0.99679035, 0.0031874233;
 0.010280252, -0.0087944707, 0.98479271]
Initial camera intrinsics #12:
K:
[495.1151549886809, 0, 447.5;
 0, 495.1151549886809, 335;
 0, 0, 1]
R:
[0.9237985, -0.0081819324, -2.7539601;
 0.0039641024, 0.98925203, 0.024567777;
 0.030965757, 0.0014298548, 0.94171381]
Initial camera intrinsics #13:
K:
[495.1151549886809, 0, 447.5;
 0, 495.1151549886809, 335;
 0, 0, 1]
R:
[0.83080792, -0.69229174, 4.1706891;
 0.0024942476, 0.73753285, -1.1609777;
 -0.033178665, 0.21139988, 0.62549025]
Initial camera intrinsics #14:
K:
[495.1151549886809, 0, 447.5;
 0, 495.1151549886809, 335;
 0, 0, 1]
R:
[0.8265757, -0.70026851, 2.9567261;
 0.0072825952, 0.74231416, -1.1474861;
 -0.032919385, 0.21097477, 0.67975426]
Initial camera intrinsics #15:
K:
[495.1151549886809, 0, 447.5;
 0, 495.1151549886809, 335;
 0, 0, 1]
R:
[0.86852145, -0.6888448, 1.703305;
 -0.021155547, 0.73243642, -1.1012853;
 -0.018030336, 0.2055479, 0.70996255]
Initial camera intrinsics #16:
K:
[495.1151549886809, 0, 447.5;
 0, 495.1151549886809, 335;
 0, 0, 1]
R:
[0.8718155, -0.68473029, 0.49615246;
 -0.038265828, 0.72373366, -1.0498687;
 -0.0005651089, 0.19999599, 0.71029395]
Initial camera intrinsics #17:
K:
[495.1151549886809, 0, 447.5;
 0, 495.1151549886809, 335;
 0, 0, 1]
R:
[0.8590765, -0.66922152, -0.82020617;
 -0.054291856, 0.71585208, -0.95001203;
 0.0054423101, 0.19965167, 0.70699954]
Initial camera intrinsics #18:
K:
[495.1151549886809, 0, 447.5;
 0, 495.1151549886809, 335;
 0, 0, 1]
R:
[0.85914636, -0.65130377, -2.0648215;
 -0.059582371, 0.71899694, -0.85943329;
 0.006372469, 0.19484484, 0.69903147]
Camera #1:
K:
[3467.101461533632, 0, 521.8542974753296;
 0, 3431.368779797483, 431.6635551013654;
 0, 0, 1]
R:
[0.8373512, -0.039826296, 0.54521257;
 -0.076025933, 0.97916681, 0.18828806;
 -0.54135287, -0.19911355, 0.81687874]
Camera #2:
K:
[3506.489669221287, 0, 651.2358017926947;
 0, 3446.650621206014, 491.4984355793586;
 0, 0, 1]
R:
[0.91471189, -0.038093396, 0.40230715;
 -0.053647887, 0.97528803, 0.21432477;
 -0.40052974, -0.21762836, 0.890064]
Camera #3:
K:
[3594.484730981209, 0, 818.9460553600212;
 0, 3495.517290979399, 434.3005141927537;
 0, 0, 1]
R:
[0.96618581, -0.030662326, 0.25601721;
 -0.02456533, 0.97744167, 0.20977221;
 -0.25667402, -0.2089681, 0.94363701]
Camera #4:
K:
[3738.422997753473, 0, 737.2030358718317;
 0, 3566.489013116324, 364.695746210919;
 0, 0, 1]
R:
[0.99854988, -0.023446824, 0.048459977;
 0.013873044, 0.98184246, 0.18919021;
 -0.052015979, -0.18824361, 0.980744]
Camera #5:
K:
[3839.094833053262, 0, 656.8294860992801;
 0, 3619.1614699983, 345.4693273442174;
 0, 0, 1]
R:
[0.98815101, -0.015383678, -0.1527117;
 0.042969294, 0.98290545, 0.17902656;
 0.14734709, -0.18346721, 0.97192007]
Camera #6:
K:
[3762.140756714507, 0, 15.59031806748297;
 0, 3588.715019480646, 217.9438377942901;
 0, 0, 1]
R:
[0.8755331, -0.018707298, -0.48279589;
 0.086122826, 0.98929006, 0.11784782;
 0.47542056, -0.14475942, 0.86776727]
Camera #7:
K:
[3485.270882429602, 0, 529.6093637962024;
 0, 3526.50072755415, 579.7695846354228;
 0, 0, 1]
R:
[0.83265257, -0.039269894, 0.55240154;
 -0.0059580766, 0.99678975, 0.079841979;
 -0.55376363, -0.069771878, 0.82974565]
Camera #8:
K:
[3550.365967477255, 0, 729.3103444269736;
 0, 3564.490241630353, 456.031201270578;
 0, 0, 1]
R:
[0.90528721, -0.019213255, 0.42436513;
 -0.0020074509, 0.99877203, 0.049502119;
 -0.42479515, -0.045665547, 0.90413702]
Camera #9:
K:
[3656.257399145767, 0, 620.8196786324074;
 0, 3613.009483384086, 379.6640684160882;
 0, 0, 1]
R:
[0.97631639, 0.001119954, 0.21634476;
 -0.0080051702, 0.99948883, 0.030951545;
 -0.21619952, -0.031950377, 0.97582632]
Camera #10:
K:
[3740.382292360745, 0, 497.6736100435528;
 0, 3630.644761388352, 269.0318608222094;
 0, 0, 1]
R:
[0.99999994, 1.3969839e-09, 0;
 1.3969839e-09, 1, 0;
 -3.7252903e-09, 0, 1]
Camera #11:
K:
[3781.769960676994, 0, 809.0786169044785;
 0, 3608.025993298199, 616.299302655292;
 0, 0, 1]
R:
[0.99355078, 0.021367084, -0.11135616;
 -0.010772027, 0.99542928, 0.094892457;
 0.11287475, -0.093080953, 0.98923975]
Camera #12:
K:
[3756.905178508683, 0, 4.420157680649743;
 0, 3598.436941170084, 374.7710433442497;
 0, 0, 1]
R:
[0.8763743, 0.00064365799, -0.48163021;
 0.015364699, 0.99945283, 0.029293291;
 0.48138553, -0.033071995, 0.87588489]
Camera #13:
K:
[3505.769648801501, 0, 455.8345515462571;
 0, 3579.590839401281, 393.4311375823978;
 0, 0, 1]
R:
[0.8452816, 0.013157223, 0.534159;
 0.067456126, 0.98907042, -0.13110861;
 -0.53004587, 0.14685601, 0.83515549]
Camera #14:
K:
[3536.649498793272, 0, 751.0084712166174;
 0, 3588.773691997112, 364.6973933229938;
 0, 0, 1]
R:
[0.90277505, 0.015766066, 0.42982394;
 0.050401501, 0.98856527, -0.14212099;
 -0.42714971, 0.14996706, 0.89165747]
Camera #15:
K:
[3655.529884051312, 0, 854.1746489659756;
 0, 3651.791737286082, 394.260263389025;
 0, 0, 1]
R:
[0.96162289, 0.018802872, 0.27372956;
 0.019703709, 0.99034083, -0.13724783;
 -0.2736662, 0.13737413, 0.9519639]
Camera #16:
K:
[3813.913535203743, 0, 744.0596804651221;
 0, 3728.945031548823, 460.2361532557906;
 0, 0, 1]
R:
[0.99783748, 0.013039223, 0.06442374;
 -0.0051013231, 0.99253249, -0.1218737;
 -0.065531798, 0.1212815, 0.99045271]
Camera #17:
K:
[3762.772306525093, 0, -8.245916322813292;
 0, 3696.628756393616, 446.1054698658693;
 0, 0, 1]
R:
[0.9474743, 0.024132319, -0.31892002;
 -0.061673347, 0.9922204, -0.10814418;
 0.31382915, 0.1221327, 0.94159168]
Camera #18:
K:
[3730.1142211728, 0, 558.9780118820672;
 0, 3676.08601719953, 603.5012040016881;
 0, 0, 1]
R:
[0.93399322, 0.04495018, -0.35445178;
 -0.071245551, 0.9955622, -0.061481323;
 0.35011521, 0.082676254, 0.93305093]
Warping images (auxiliary)... 
Warping images, time: 0.64416 sec
Compositing...
Compositing image #1
Multi-band blender, number of bands: 7
Compositing image #2
Compositing image #3
Compositing image #4
Compositing image #5
Compositing image #6
Compositing image #7
Compositing image #8
Compositing image #9
Compositing image #10
Compositing image #11
Compositing image #12
Compositing image #13
Compositing image #14
Compositing image #15
Compositing image #16
Compositing image #17
Compositing image #18
Compositing, time: 2.14276 sec
Finished, total time: 145.836 sec

