R1 = [0.89035654, -0.0046485513, 0.45524022;
 -0.064370573, 0.9886167, 0.13599062;
 -0.45069021, -0.15038422, 0.87992215];
R2 = [0.96515775, -0.0093110036, 0.26150295;
 -0.041667864, 0.9811461, 0.18872266;
 -0.25832975, -0.19304337, 0.94657278];
R3 = [0.98895258, -0.0047271401, 0.14815718;
 -0.024022933, 0.98116755, 0.19165905;
 -0.14627296, -0.19310084, 0.97021455];
R4 = [0.99874532, -0.00098776817, -0.050069585;
 0.010625625, 0.98122114, 0.19259343;
 0.048939109, -0.19288379, 0.98000038];
R5 = [0.96880907, 0.0072773611, -0.24770157;
 0.03944841, 0.98229319, 0.18314974;
 0.24464841, -0.18720856, 0.95136744];
R6 = [0.78600192, -0.012056563, -0.6181066;
 0.090875104, 0.99120247, 0.096225314;
 0.61150867, -0.13180377, 0.7801826];
R7 = [0.88819683, -0.012425024, 0.45929536;
 0.0027693044, 0.99976087, 0.021690546;
 -0.45945489, -0.01799354, 0.88801873];
R8 = [0.94764173, -0.0044920482, 0.31930399;
 -0.0018681418, 0.99980599, 0.01960985;
 -0.31933004, -0.019179637, 0.94744945];
R9 = [0.99761659, 0.0053444286, 0.068794109;
 -0.0077974796, 0.99934143, 0.035438884;
 -0.068559378, -0.035890833, 0.99700117];
R10 = [0.99338871, 0.0014846695, -0.11478979;
 0.0021403094, 0.99950302, 0.031449575;
 0.11477944, -0.031487346, 0.99289185];
R11 = [0.98162514, 0.020394698, -0.18972655;
 -0.0088746231, 0.99807554, 0.06137199;
 0.19061309, -0.058560535, 0.97991693];
R12 = [0.84575129, -0.02072609, -0.53317469;
 0.0090939347, 0.99966007, -0.024434472;
 0.53349984, 0.01581683, 0.84565216];
R13 = [0.90576637, 0.0014779568, 0.42377487;
 0.070740804, 0.98543561, -0.15463653;
 -0.4178313, 0.17004269, 0.89246982];
R14 = [0.95030576, -0.0032267999, 0.31130171;
 0.050964065, 0.98806894, -0.14533535;
 -0.30711851, 0.15397821, 0.93913192];
R15 = [0.9828704, 0.0026583988, 0.18427935;
 0.024904642, 0.98880875, -0.14709556;
 -0.18260804, 0.14916527, 0.9718045];
R16 = [0.99996787, -0.0013834927, -0.0078981444;
 0.0003466045, 0.99153984, -0.12980217;
 0.0080109239, 0.12979525, 0.99150842];
R17 = [0.90978569, 0.0083770771, -0.41499382;
 -0.065993331, 0.98999828, -0.1246922;
 0.40979862, 0.14083, 0.9012391];
R18 = [0.88981676, 0.032084137, -0.45518875;
 -0.078981578, 0.99329829, -0.084382638;
 0.44943082, 0.11103661, 0.88638753];

eul1 = rotm2eul(R1) * 180 / pi
eul2 = rotm2eul(R2) * 180 / pi
eul3 = rotm2eul(R3) * 180 / pi
eul4 = rotm2eul(R4) * 180 / pi
eul5 = rotm2eul(R5) * 180 / pi
eul6 = rotm2eul(R6) * 180 / pi
eul7 = rotm2eul(R7) * 180 / pi
eul8 = rotm2eul(R8) * 180 / pi
eul9 = rotm2eul(R9) * 180 / pi
eul10 = rotm2eul(R10) * 180 / pi
eul11 = rotm2eul(R11) * 180 / pi
eul12 = rotm2eul(R12) * 180 / pi
eul13 = rotm2eul(R13) * 180 / pi
eul14 = rotm2eul(R14) * 180 / pi
eul15 = rotm2eul(R15) * 180 / pi
eul16 = rotm2eul(R16) * 180 / pi
eul17 = rotm2eul(R17) * 180 / pi
eul18 = rotm2eul(R18) * 180 / pi


