R1 = [0.82121348, -0.40123248, 0.40573493;
 -0.19424182, 0.4720152, 0.85992551;
 -0.53654301, -0.78499323, 0.30968919];
 
R2 = [0.72052777, -0.39374387, -0.57079375;
 0.69019371, 0.48661265, 0.53557533;
 0.066875994, -0.77985513, 0.62237746];

R3 = [0.59487975, -0.3944217, -0.70039248;
 0.77448004, 0.51449376, 0.36807209;
 0.21517195, -0.76139861, 0.61153352];

R4 = [0.92672706, -0.37118065, 0.058324724;
 0.14518473, 0.49692044, 0.85556507;
 -0.34655184, -0.7844075, 0.51439941];

R5 = [0.88290763, -0.33236897, 0.3316699;
 -0.14024211, 0.48745745, 0.86181062;
 -0.44811404, -0.80741322, 0.38376787];

R6 = [0.66635996, 0.74499458, -0.030781191;
 0.21006228, -0.14795992, 0.96642733;
 0.71542877, -0.6504544, -0.25508979];

R7 = [0.87389028, 0.018273011, 0.48577979;
 0.15024939, 0.94021231, -0.30565709;
 -0.46232125, 0.3400988, 0.81889683];

R8 = [0.86091185, 0.020057976, 0.50835872;
 0.15740956, 0.93969035, -0.30365193;
 -0.48379037, 0.34143811, 0.8058331];

R9 = [0.55813724, 0.11812188, 0.82129794;
 -0.089241602, 0.9926194, -0.082115196;
 -0.82493573, -0.027462367, 0.56455916];

R10 = [-0.74682647, -0.15561514, -0.64655566;
 0.13598163, -0.98742843, 0.080587253;
 -0.65096802, -0.027735025, 0.75859845];

R11 = [0.86394811, -0.32171246, 0.38742089;
 -0.20113033, 0.48486361, 0.85114872;
 -0.46167132, -0.81327033, 0.35419083];

R12 = [0.10935685, -0.88449299, -0.45355618;
 0.18398978, 0.46641982, -0.86521697;
 0.97682595, 0.011167705, 0.21374382];

R13 = [0.85425025, 0.38091755, 0.35377747;
 -0.1104809, 0.79799938, -0.59244496;
 -0.50798684, 0.46701065, 0.72377527];

R14 = [0.87237811, 0.38074857, 0.30657327;
 -0.14301592, 0.79851002, -0.58474648;
 -0.4674432, 0.4662751, 0.75105566];

R15 = [0.88248056, 0.38343737, 0.27240407;
 -0.17020598, 0.80023849, -0.57502043;
 -0.43847245, 0.46107963, 0.77145815];

R16 = [0.89976418, 0.38407204, 0.20715475;
 -0.21286696, 0.80070615, -0.55996192;
 -0.38093573, 0.45973724, 0.80220294];

R17 = [0.37131995, 0.38180724, -0.84637141;
 -0.59122628, 0.80008763, 0.10154542;
 0.71594208, 0.46269128, 0.52282292];

R18 = [0.2313467, 0.3928082, -0.89004523;
 -0.56457782, 0.79926139, 0.20599318;
 0.79229462, 0.454844, 0.40667728];


eul1 = rotm2eul(R1) * 180 / pi