R1 = [0.90763223, -0.016975001, 0.4194231;
 -0.062684417, 0.98249727, 0.17541301;
 -0.41505966, -0.18550177, 0.8906821]
R2 = [0.96233475, -0.017524462, 0.27130184;
 -0.042348936, 0.97607625, 0.21326458;
 -0.26854864, -0.21672122, 0.93856996]
R3 = [0.97895849, -0.0111406, 0.20375538;
 -0.029556692, 0.98023772, 0.19560321;
 -0.20190784, -0.19750971, 0.95928252]
R4 = [0.99983138, -0.0084985327, -0.016280096;
 0.01113857, 0.98544186, 0.1696481;
 0.014601341, -0.1698008, 0.98537016]
R5 = [0.96138692, -0.0012292578, -0.27519798;
 0.04575365, 0.9867869, 0.15542977;
 0.27137065, -0.16201942, 0.94874001]
R6 = [0.73385459, -0.0057022707, -0.67928284;
 0.092127763, 0.99156141, 0.091205373;
 0.67303044, -0.12951225, 0.7281872]
R7 = [0.89576179, -0.012449625, 0.44436017;
 0.0045714965, 0.9998129, 0.018796287;
 -0.44451094, -0.014805581, 0.89565098]
R8 = [0.96810943, -0.012871042, 0.25019717;
 0.0025844751, 0.99913943, 0.041398957;
 -0.25051466, -0.03943209, 0.9673093]
R9 = [0.98362523, 0.0023552561, 0.18021122;
 -0.0018462325, 0.99999386, -0.0029923022;
 -0.18021713, 0.002610594, 0.98362333]
R10 = [0.99943793, -0.0034873765, -0.033341575;
 0.0020748503, 0.99910253, -0.042306364;
 0.033459187, 0.04221341, 0.99854815]
R11 = [0.9620772, 0.039389625, -0.2699185;
 -0.015249844, 0.99573839, 0.090954289;
 0.27235085, -0.083388798, 0.95857769]
R12 = [0.82894343, 0.0011440546, -0.55933124;
 0.0046334974, 0.99994957, 0.0089122728;
 0.55931324, -0.0099794269, 0.82889634]
R13 = [0.8876828, 0.0069328784, 0.46040335;
 0.079894409, 0.98240119, -0.16883409;
 -0.45347115, 0.18665475, 0.87150657]
R14 = [0.95548058, -0.0034957596, 0.29503334;
 0.047826879, 0.98854089, -0.14317693;
 -0.29115194, 0.15091328, 0.94469869]
R15 = [0.98357493, 0.0031740263, 0.18047261;
 0.024540152, 0.98821026, -0.1511237;
 -0.17882451, 0.1530703, 0.97190082]
R16 = [0.99938166, -0.0017465453, -0.035119016;
 -0.0033579748, 0.98946023, -0.14476562;
 0.035001718, 0.14479402, 0.98884243]
R17 = [0.92068875, 0.011922761, -0.3901155;
 -0.063763939, 0.99069887, -0.12020767;
 0.38505378, 0.13554913, 0.91288549]
R18 = [0.89434147, 0.026970778, -0.44657126;
 -0.07923831, 0.9919495, -0.098780334;
 0.44031197, 0.12372892, 0.88927859];
eul1 = rotm2eul(R1) * 180 / pi

eul2 = rotm2eul(R2) * 180 / pi
eul3 = rotm2eul(R3) * 180 / pi
eul4 = rotm2eul(R4) * 180 / pi
eul5 = rotm2eul(R5) * 180 / pi
eul6 = rotm2eul(R6) * 180 / pi
eul7 = rotm2eul(R7) * 180 / pi
eul8 = rotm2eul(R8) * 180 / pi
eul9 = rotm2eul(R9) * 180 / pi
eul10 = rotm2eul(R10) * 180 / pi
eul11 = rotm2eul(R11) * 180 / pi
eul12 = rotm2eul(R12) * 180 / pi
eul13 = rotm2eul(R13) * 180 / pi
eul14 = rotm2eul(R14) * 180 / pi
eul15 = rotm2eul(R15) * 180 / pi
eul16 = rotm2eul(R16) * 180 / pi
eul17 = rotm2eul(R17) * 180 / pi
eul18 = rotm2eul(R18) * 180 / pi
